Nox_Dp/Foo_Characteristic,Ambient_Baro_Max,Fuel_Flow_C/O,Fuel_LTO_Cycle,NOx_LTO_Total_mass,B/P_Ratio,Rated_Thrust ,Ambient_Temp_Min,Ambient_Baro_Min,Fuel_Arom_Min(%),Fuel_Arom_Max(%),SN_C/O,Fuel_H/C_Ratio_Min,Pressure_Ratio,HumidityMin,Nox_EI_C/O
55.4,101.0,1.117,590.0,7902.0,4.32,156.95,275.0,97.8,14.3,14.3,16.24,1.95,31.23,0.00267,25.52
39.3,101.0,0.65,305.0,2565.0,4.35,75.7,294.7,100.5,18.0,18.0,4.46,1.94,26.16,0.0076,13.32
47.71,102.0,0.564,275.0,3082.0,4.62,68.43,279.9,100.4,15.36,15.36,3.54,1.9380000000000002,33.14,0.00539,20.2
49.6,97.49,0.9109999999999999,446.0,4571.0,6.0,106.76,279.0,95.98,16.0,16.0,4.2,1.93,25.2,0.002,17.3
46.3,97.49,0.8190000000000001,424.0,3906.0,6.0,97.86,279.0,95.98,16.0,16.0,3.0,1.93,23.5,0.002,16.0
46.3,97.49,0.8190000000000001,424.0,3906.0,6.0,97.86,279.0,95.98,16.0,16.0,3.0,1.93,23.5,0.002,16.0
46.7,97.49,0.792,392.0,3595.0,5.1,89.41,279.0,95.98,16.0,16.0,2.5,1.93,22.44,0.002,15.5
49.7,97.49,0.878,421.0,4213.0,5.1,98.3,279.0,95.98,16.0,16.0,3.0,1.93,24.1,0.002,16.7
53.1,97.49,0.9540000000000001,448.0,4810.0,5.1,104.6,279.0,95.98,16.0,16.0,3.9,1.93,25.5,0.002,17.8
45.2,97.49,0.732,372.0,3210.0,5.1,82.29,279.0,95.98,16.0,16.0,2.4,1.93,21.3,0.002,14.7
46.9,95.6,0.862,385.0,4506.0,6.0,111.2,280.0,94.7,18.0,18.0,14.0,1.95,26.6,0.0026,19.6
50.3,95.6,0.925,406.0,5110.0,6.0,117.88,280.0,94.7,18.0,18.0,14.6,1.95,27.9,0.0026,21.1
67.7,98.18,1.113,474.0,7783.0,5.7,133.45,283.4,97.49,16.8,16.8,10.5,1.93,30.2,0.0067,27.2
45.6,98.5,1.063,448.0,5749.0,5.5,133.4,277.0,97.6,16.2,17.5,12.9,1.92,30.2,0.0015,19.77
71.3,98.18,1.158,489.0,8485.0,5.6,137.9,283.4,97.49,16.8,16.8,10.1,1.93,31.3,0.0067,28.5
48.2,98.5,1.107,463.0,6268.0,5.5,137.9,277.0,97.6,16.2,17.5,13.1,1.92,31.3,0.0015,20.76
51.2,98.5,1.153,478.0,6875.0,5.4,142.3,277.0,97.6,16.2,17.5,13.4,1.92,32.6,0.0015,21.83
57.6,98.18,0.961,421.0,5861.0,5.9,117.9,283.4,97.49,16.8,16.8,11.7,1.93,27.1,0.0067,23.3
39.8,98.5,0.9390000000000001,407.0,4511.0,5.7,120.1,277.0,97.6,16.2,17.5,9.9,1.92,27.3,0.0015,17.23
33.0,98.5,0.743,343.0,3047.0,6.0,97.9,277.0,97.6,16.2,17.5,8.0,1.92,23.1,0.0015,14.01
34.8,98.5,0.8,361.0,3363.0,5.9,104.5,277.0,97.6,16.2,17.5,8.4,1.92,24.3,0.0015,14.88
39.8,98.5,0.9390000000000001,407.0,4511.0,5.7,120.1,277.0,97.6,16.2,17.5,9.9,1.92,27.3,0.0015,17.23
32.5,98.5,0.727,338.0,2950.0,6.0,96.1,277.0,97.6,16.2,17.5,7.0,1.92,22.7,0.0015,13.79
34.5,98.5,0.7929999999999999,359.0,3377.0,5.9,103.6,277.0,97.6,16.2,17.5,8.4,1.92,24.2,0.0015,14.76
59.0,98.11,1.0759999999999998,466.0,7077.0,6.8,138.78,286.0,97.77,17.3,17.3,8.5,1.95,28.8,0.0061,25.8
62.4,98.11,1.131,483.0,7770.0,6.7,144.57,286.0,97.77,17.3,17.3,9.1,1.95,29.9,0.0061,27.1
66.7,98.11,1.195,505.0,8702.0,6.6,151.25,286.0,97.77,17.3,17.3,9.8,1.95,31.15,0.0061,29.05
33.3,98.5,0.7020000000000001,333.0,2729.0,5.5,86.7,277.0,97.6,16.2,17.5,6.6,1.92,21.4,0.0015,13.0
34.5,98.5,0.746,348.0,2987.0,5.5,91.6,277.0,97.6,16.2,17.5,6.8,1.92,22.4,0.0015,13.53
34.5,98.5,0.746,348.0,2987.0,5.5,91.6,277.0,97.6,16.2,17.5,6.8,1.92,22.4,0.0015,13.5
37.1,98.5,0.8320000000000001,377.0,3540.0,5.3,101.0,277.0,97.6,16.2,17.5,8.0,1.92,24.2,0.0015,14.67
37.1,98.5,0.8320000000000001,376.0,3538.0,5.3,101.0,277.0,97.6,16.2,17.5,8.0,1.92,24.2,0.0015,14.67
37.1,98.5,0.8320000000000001,376.0,3538.0,5.3,101.0,277.0,97.6,16.2,17.5,8.0,1.92,24.2,0.0015,14.67
39.3,98.5,0.895,398.0,3995.0,5.3,107.6,277.0,97.6,16.2,17.5,8.7,1.92,25.6,0.0015,15.6
39.3,98.5,0.895,398.0,3996.0,5.3,107.6,277.0,97.6,16.2,17.5,8.7,1.92,25.6,0.0015,15.6
39.3,98.5,0.895,398.0,3996.0,5.3,107.6,277.0,97.6,16.2,17.5,8.7,1.92,25.6,0.0015,15.6
43.1,98.5,0.986,429.0,4763.0,5.1,117.0,277.0,97.6,16.2,17.5,9.8,1.92,27.7,0.0015,17.08
43.1,98.5,0.986,429.0,4762.0,5.1,117.0,277.0,97.6,16.2,17.5,9.8,1.92,27.7,0.0015,17.08
43.1,98.5,0.986,429.0,4762.0,5.1,117.0,277.0,97.6,16.2,17.5,9.8,1.92,27.7,0.0015,17.08
43.1,98.5,0.986,429.0,4762.0,5.1,117.0,277.0,97.6,16.2,17.5,9.8,1.92,27.7,0.0015,17.08
43.1,98.5,0.986,429.0,4762.0,5.1,117.0,277.0,97.6,16.2,17.5,9.8,1.92,27.7,0.0015,17.08
43.1,98.5,0.986,429.0,4762.0,5.1,117.0,277.0,97.6,16.2,17.5,9.8,1.92,27.7,0.0015,17.08
45.6,98.5,1.031,444.0,5232.0,5.1,121.4,277.0,97.6,16.2,17.5,11.2,1.92,29.0,0.0015,17.89
45.6,98.5,1.031,444.0,5231.0,5.1,121.4,277.0,97.6,16.2,17.5,11.2,1.92,29.0,0.0015,17.89
45.6,98.5,1.031,444.0,5231.0,5.1,121.4,277.0,97.6,16.2,17.5,11.2,1.92,29.0,0.0015,17.89
45.6,98.5,1.031,444.0,5231.0,5.1,121.4,277.0,97.6,16.2,17.5,11.2,1.92,29.0,0.0015,17.89
45.6,98.5,1.031,444.0,5231.0,5.1,121.4,277.0,97.6,16.2,17.5,11.2,1.92,29.0,0.0015,17.89
45.6,98.5,1.031,444.0,5231.0,5.1,121.4,277.0,97.6,16.2,17.5,11.2,1.92,29.0,0.0015,17.89
45.6,98.5,1.031,444.0,5231.0,5.1,121.4,277.0,97.6,16.2,17.5,11.2,1.92,29.0,0.0015,17.89
26.0,98.8,0.705,324.0,2852.0,11.1,120.6,274.6,97.8,16.5,16.5,1.17,1.9,33.4,0.002,11.16
46.29,98.8,0.8640000000000001,376.0,6024.0,10.5,143.1,274.6,97.8,16.5,16.5,1.17,1.9,38.6,0.002,19.53
24.09,98.8,0.616,301.0,2341.0,11.3,106.8,274.6,97.8,16.5,16.5,1.17,1.9,30.0,0.002,9.41
32.22,98.8,0.71,330.0,3535.0,11.1,120.6,274.6,97.8,16.5,16.5,1.17,1.9,33.3,0.002,13.38
59.93,98.8,0.8690000000000001,380.0,7795.0,10.5,143.1,274.6,97.8,16.5,16.5,1.17,1.9,38.5,0.002,32.35
32.22,98.8,0.71,330.0,3535.0,11.1,120.6,274.6,97.8,16.5,16.5,1.17,1.9,33.3,0.002,13.38
45.57,98.8,0.777,352.0,5396.0,10.7,130.3,274.6,97.8,16.5,16.5,1.17,1.9,35.5,0.002,21.03
45.57,98.8,0.777,352.0,5396.0,10.7,130.3,274.6,97.8,16.5,16.5,1.17,1.9,35.5,0.002,21.03
66.96,98.16,0.8640000000000001,378.0,7534.0,8.6,130.4,290.9,98.02,14.8,14.8,0.85,1.9,41.5,0.0048,29.58
66.96,98.16,0.8640000000000001,378.0,7534.0,8.6,130.4,290.9,98.02,14.8,14.8,0.85,1.9,41.5,0.0048,29.58
57.83,98.16,0.818,362.0,6220.0,8.5,124.7,290.9,98.02,14.8,14.8,0.85,1.9,39.92,0.0048,24.0
50.35,98.16,0.773,348.0,5174.0,8.4,119.2,290.9,98.02,14.8,14.8,0.85,1.9,38.4,0.0048,20.68
42.22,98.8,0.722,330.0,4053.0,8.5,111.3,279.3,97.7,14.7,14.7,0.85,1.9,36.8,0.0009,17.53
46.0,98.8,0.752,340.0,4573.0,8.5,115.2,279.3,97.7,14.7,14.7,0.85,1.9,37.9,0.0009,18.11
52.7,98.8,0.784,348.0,5417.0,8.4,119.2,279.3,97.7,14.7,14.7,0.85,1.9,40.14,0.0009,20.35
58.79,98.8,0.826,365.0,6326.0,8.3,124.7,279.3,97.7,14.7,14.7,0.85,1.9,40.5,0.0009,23.26
58.79,98.8,0.826,365.0,6326.0,8.3,124.7,279.3,97.7,14.7,14.7,0.85,1.9,40.5,0.0009,23.26
58.79,98.8,0.826,365.0,6326.0,8.3,124.7,279.3,97.7,14.7,14.7,0.85,1.9,40.5,0.0009,23.26
69.66,98.8,0.873,380.0,7837.0,8.3,130.4,279.3,97.7,14.7,14.7,0.85,1.9,42.0,0.0009,29.59
69.66,98.8,0.873,380.0,7837.0,8.3,130.4,279.3,97.7,14.7,14.7,0.85,1.9,42.0,0.0009,29.59
61.77,97.81200000000001,2.169,932.0,17713.0,8.71,332.39,287.74,97.396,16.8,17.6,3.87,13.86,36.62,0.00503,31.37
40.6,97.9,0.632,298.0,2696.0,5.7,76.9,296.0,97.2,16.3,17.4,5.08,1.92,25.1,0.0099,15.04
43.3,97.9,0.684,315.0,3070.0,5.4,82.1,296.0,97.2,16.3,17.4,7.01,1.92,26.5,0.0099,16.72
42.5,97.9,0.65,303.0,2836.0,5.09,77.4,296.0,97.2,16.3,17.4,5.22,1.92,25.6,0.0099,15.54
41.3,97.9,0.653,306.0,2757.0,5.09,77.4,292.0,97.2,15.9,17.5,5.1,1.92,25.5,0.0053,14.97
46.1,97.9,0.7140000000000001,323.0,3328.0,5.09,83.7,296.0,97.2,16.3,17.4,7.7,1.92,27.3,0.0099,16.93
44.5,97.9,0.7170000000000001,326.0,3214.0,5.09,83.7,292.0,97.2,15.9,17.5,6.91,1.92,27.2,0.0053,16.22
46.3,98.6,0.72,328.0,3341.0,5.09,83.7,294.0,98.4,18.1,19.3,2.85,1.92,27.3,0.00922,16.88
42.5,97.9,0.65,303.0,2836.0,5.09,77.4,296.0,97.2,16.3,17.4,5.22,1.92,25.6,0.0099,15.54
41.3,97.9,0.653,306.0,2757.0,5.09,77.4,292.0,97.2,15.9,17.5,5.1,1.92,25.5,0.0053,14.97
46.1,97.9,0.7140000000000001,323.0,3328.0,5.09,83.7,296.0,97.2,16.3,17.4,7.7,1.92,27.3,0.0099,16.93
44.5,97.9,0.7170000000000001,326.0,3214.0,5.09,83.7,292.0,97.2,15.9,17.5,6.91,1.92,27.2,0.0053,16.22
46.3,98.6,0.72,328.0,3341.0,5.09,83.7,294.0,98.4,18.1,19.3,2.85,1.92,27.3,0.00922,16.88
46.1,97.9,0.7140000000000001,323.0,3328.0,5.09,83.7,296.0,97.2,16.3,17.4,7.7,1.92,27.3,0.0099,16.93
44.5,97.9,0.7170000000000001,326.0,3214.0,5.09,83.7,292.0,97.2,15.9,17.5,6.91,1.92,27.2,0.0053,16.22
46.3,98.6,0.72,328.0,3341.0,5.09,83.7,294.0,98.4,18.1,19.3,2.85,1.92,27.3,0.00922,16.88
44.5,97.9,0.7170000000000001,326.0,3214.0,5.09,83.7,292.0,97.2,15.9,17.5,6.91,1.92,27.2,0.0053,16.22
32.2,102.9,0.3343,167.0,1137.0,6.25,41.01,275.5,101.6,20.3,20.3,9.2,1.92,19.7,0.0016,10.14
32.2,102.9,0.3343,167.0,1137.0,6.25,41.01,275.5,101.6,20.3,20.3,9.2,1.92,19.7,0.0016,10.14
43.1,97.62,0.4941,239.0,2120.0,5.13,56.36,287.0,96.87,16.87,16.87,1.48,1.93,23.03,0.0056,12.82
52.0,97.91,1.663,701.0,9105.0,4.3,202.8,292.3,97.73,16.3,16.3,11.98,1.935,25.38,0.0127,21.61
52.0,97.91,1.663,701.0,9105.0,4.3,202.8,292.3,97.73,16.3,16.3,11.98,1.935,25.38,0.0127,21.61
55.5,97.91,1.787,731.0,10286.0,4.3,215.3,292.3,97.73,16.3,16.3,12.03,1.935,26.88,0.0127,23.27
57.5,97.91,1.875,751.0,11116.0,4.3,224.2,292.3,97.73,16.3,16.3,11.83,1.935,27.76,0.0127,24.3
59.8,97.91,1.94,769.0,11884.0,4.3,230.4,292.3,97.73,16.3,16.3,11.72,1.935,28.44,0.0127,25.5
59.8,97.91,1.94,769.0,11884.0,4.3,230.4,292.3,97.73,16.3,16.3,11.72,1.935,28.44,0.0127,25.5
61.3,97.91,1.9969999999999999,779.0,12482.0,4.3,236.7,292.3,97.73,16.3,16.3,11.62,1.935,29.06,0.0127,26.34
57.5,97.91,1.875,751.0,11116.0,4.3,224.2,292.3,97.73,16.3,16.3,11.83,1.935,27.76,0.0127,24.3
57.5,97.91,1.875,751.0,11116.0,4.3,224.2,292.3,97.73,16.3,16.3,11.83,1.935,27.76,0.0127,24.3
59.8,97.91,1.94,769.0,11884.0,4.3,230.4,292.3,97.73,16.3,16.3,11.72,1.935,28.44,0.0127,25.5
59.8,97.91,1.94,769.0,11884.0,4.3,230.4,292.3,97.73,16.3,16.3,11.72,1.935,28.44,0.0127,25.5
59.8,97.91,1.94,769.0,11884.0,4.3,230.4,292.3,97.73,16.3,16.3,11.72,1.935,28.44,0.0127,25.5
61.3,97.91,1.9969999999999999,779.0,12482.0,4.3,236.7,292.3,97.73,16.3,16.3,11.62,1.935,29.06,0.0127,26.34
61.6,99.78,1.795,709.0,11066.0,5.0,208.8,275.0,99.08,17.1,17.1,10.0,1.93,29.0,0.002,25.6
61.4,99.78,1.795,709.0,11066.0,5.0,209.0,275.0,99.08,17.1,17.1,10.0,1.93,29.0,0.002,25.6
64.3,99.78,1.885,731.0,11878.0,5.0,216.5,275.0,99.08,17.1,17.1,10.0,1.93,30.1,0.002,26.6
64.0,99.78,1.885,731.0,11878.0,5.0,217.8,275.0,99.08,17.1,17.1,10.0,1.93,30.1,0.002,26.6
52.9,97.82,1.953,822.0,12382.0,5.1,257.4,287.0,97.4,15.3,15.3,4.9,1.94,30.96,0.0084,24.85
49.2,98.15,1.989,835.0,11514.0,5.1,257.4,279.0,97.61,15.3,15.3,4.7,1.94,30.53,0.00457,20.45
45.9,97.82,1.745,753.0,9729.0,5.1,233.35,287.0,97.4,15.3,15.3,4.0,1.94,28.0,0.0084,20.71
45.8,97.82,1.745,753.0,9728.0,5.1,233.35,287.0,97.4,15.3,15.3,4.0,1.94,28.0,0.0084,20.69
44.0,98.15,1.771,765.0,9339.0,5.1,233.35,279.0,97.61,15.3,15.3,3.2,1.94,27.79,0.00457,18.37
54.9,97.82,2.003,838.0,13090.0,5.1,262.22,287.0,97.4,15.3,15.3,5.1,1.94,31.64,0.0084,25.45
54.8,97.82,2.003,838.0,13074.0,5.1,262.22,287.0,97.4,15.3,15.3,5.1,1.94,31.64,0.0084,25.46
50.6,98.15,2.041,851.0,12074.0,5.1,262.22,279.0,97.61,15.3,15.3,5.0,1.94,31.09,0.00457,21.05
50.9,97.82,2.082,871.0,12353.0,5.1,267.3,287.0,97.4,15.3,15.3,5.4,1.94,31.58,0.0084,22.86
54.2,97.82,2.082,871.0,12735.0,5.1,267.3,287.0,97.4,15.3,15.3,5.4,1.94,31.58,0.0084,22.86
52.0,98.15,2.096,866.0,12640.0,5.1,267.34,279.0,97.61,15.3,15.3,5.4,1.94,31.66,0.00457,21.69
50.4,97.82,1.953,840.0,11797.0,5.1,257.4,287.0,97.4,15.3,15.3,4.9,1.94,31.0,0.0084,22.0
49.1,98.15,1.989,835.0,11491.0,5.1,257.37,279.0,97.61,15.3,15.3,4.7,1.94,30.45,0.00457,20.45
46.0,97.82,1.8730000000000002,797.0,10400.0,5.1,249.0,287.0,97.4,15.3,15.3,4.5,1.94,30.08,0.0084,21.26
47.3,98.15,1.922,811.0,10719.0,5.1,249.01,279.0,97.61,15.3,15.3,4.2,1.94,29.53,0.00457,19.68
46.4,97.82,1.913,823.0,10718.0,5.1,254.3,287.0,97.4,15.3,15.3,4.8,1.94,30.13,0.0084,21.34
45.5,97.82,1.901,809.0,10528.0,5.1,254.3,287.0,97.4,15.3,15.3,4.8,1.94,30.13,0.0084,21.07
48.0,98.15,1.983,830.0,11113.0,5.1,254.26,279.0,97.61,15.3,15.3,4.5,1.94,30.13,0.00457,19.72
41.9,97.82,1.761,760.0,8796.0,5.1,231.1,287.0,97.4,15.3,15.3,3.9,1.94,27.74,0.0084,18.65
43.7,98.15,1.756,758.0,9169.0,5.1,231.08,279.0,97.61,15.3,15.3,3.1,1.94,27.53,0.00457,18.25
39.7,97.82,1.702,735.0,8361.0,5.1,231.35,287.0,97.4,15.3,15.3,3.6,1.94,27.52,0.0084,18.32
43.7,98.15,1.777,760.0,9192.0,5.1,231.35,279.0,97.61,15.3,15.3,3.1,1.94,27.6,0.00457,18.09
48.5,97.82,1.982,830.0,11211.0,5.1,254.35,287.0,97.4,15.3,15.3,4.8,1.94,30.36,0.0084,21.8
48.5,98.15,1.965,828.0,11226.0,5.1,254.35,279.0,97.61,15.3,15.3,4.5,1.94,30.14,0.00457,20.17
45.9,97.82,1.9069999999999998,799.0,10635.0,5.1,254.79,287.0,97.4,15.3,15.3,4.7,1.94,30.17,0.0084,21.32
48.1,98.15,1.983,830.0,11137.0,5.1,254.79,279.0,97.61,15.3,15.3,4.5,1.94,30.22,0.00457,19.72
50.9,97.82,2.081,871.0,12362.0,5.1,267.2,287.0,97.4,15.3,15.3,5.4,1.94,31.56,0.0084,22.94
52.0,98.15,2.096,866.0,12640.0,5.1,267.2,279.0,97.61,15.3,15.3,5.4,1.94,31.66,0.00457,21.69
50.0,97.82,2.02,834.0,12134.0,5.1,267.03,287.0,97.4,15.3,15.3,5.4,1.94,31.79,0.0084,23.09
51.1,98.15,2.104,867.0,12420.0,5.1,267.03,279.0,97.61,15.3,15.3,5.3,1.94,31.72,0.00457,21.05
50.0,97.82,2.02,834.0,12134.0,5.1,267.03,287.0,97.4,15.3,15.3,5.4,1.94,31.79,0.0084,23.09
51.1,98.15,2.104,867.0,12420.0,5.1,267.03,279.0,97.61,15.3,15.3,5.3,1.94,31.72,0.00457,21.05
51.8,97.82,2.065,845.0,12714.0,5.1,269.96,287.0,97.4,15.3,15.3,5.6,1.94,32.86,0.0084,24.02
51.8,98.15,2.126,876.0,12724.0,5.1,269.96,279.0,97.61,15.3,15.3,5.5,1.94,32.05,0.00457,21.3
59.1,97.99,2.199,928.0,15429.0,5.1,281.5,292.0,97.66,16.4,16.4,6.9,1.89,32.44,0.012,27.11
51.7,98.15,2.199,928.0,13232.0,5.1,281.53,279.0,97.61,15.3,15.3,6.2,1.94,32.46,0.00457,21.44
62.1,97.99,2.245,942.0,16203.0,5.1,287.0,292.0,97.66,16.4,16.4,7.2,1.89,33.08,0.012,28.02
52.9,98.15,2.245,942.0,13796.0,5.1,287.04,279.0,97.61,15.3,15.3,6.5,1.94,33.1,0.00457,22.01
72.0,97.865,3.47,1479.0,30616.0,7.34,492.6,290.72,97.05799999999999,11.9,12.5,2.25,1.94,39.73,0.00514,33.85
75.8,97.865,3.58,1518.0,33006.0,7.17,504.9,290.72,97.05799999999999,11.9,12.5,2.39,1.94,41.21,0.00514,35.08
78.7,97.865,3.67,1546.0,34888.0,7.08,513.9,290.72,97.05799999999999,11.9,12.5,2.5,1.94,42.24,0.00514,35.98
62.4,98.2,2.28,1017.0,19393.0,8.53,360.6,279.1,97.3,17.4,17.4,1.8,1.92,34.88,0.0022,31.77
62.4,98.2,2.28,1017.0,19394.0,8.53,360.6,279.1,97.3,17.4,17.4,1.8,1.92,34.88,0.0022,31.77
63.0,98.2,2.301,1026.0,19743.0,8.52,363.4,279.1,97.3,17.4,17.4,1.8,1.92,35.1,0.0022,32.09
70.9,98.2,2.55,1107.0,24177.0,8.41,395.3,279.1,97.3,17.4,17.4,2.4,1.92,37.7,0.0022,36.17
83.2,98.2,2.8480000000000003,1203.0,30617.0,8.33,432.8,279.1,97.3,17.4,17.4,2.9,1.92,40.53,0.0022,41.74
82.0,98.2,2.8480000000000003,1203.0,30617.0,8.33,432.8,279.1,97.3,17.4,17.4,2.9,1.92,40.53,0.0022,41.74
23.7,98.6,1.5530000000000002,696.0,5217.0,9.4,255.3,280.5,97.4,15.3,15.3,0.0,1.89,35.2,0.00345,9.18
26.8,98.6,1.6669999999999998,734.0,6279.0,9.2,271.3,280.5,97.4,15.3,15.3,0.0,1.89,37.2,0.00345,11.02
33.4,98.6,1.861,796.0,8576.0,9.0,298.0,280.5,97.4,15.3,15.3,0.0,1.89,40.6,0.00345,14.61
36.6,98.6,1.94,822.0,9759.0,8.9,308.7,280.5,97.4,15.3,15.3,0.0,1.89,41.9,0.00345,16.26
41.3,98.6,2.037,854.0,11457.0,8.8,321.6,280.5,97.4,15.3,15.3,0.0,1.89,43.5,0.00345,18.48
42.44,98.6,2.012,874.0,10978.0,8.0,299.8,280.5,97.4,15.3,15.3,0.0,1.89,42.4,0.00345,17.94
25.23,98.6,1.569,719.0,5556.0,9.4,255.3,280.5,97.4,15.3,15.3,0.0,1.89,35.1,0.00345,9.71
28.51,98.6,1.683,756.0,6673.0,9.2,271.3,280.5,97.4,15.3,15.3,0.0,1.89,37.1,0.00345,11.67
35.19,98.6,1.876,819.0,9049.0,9.0,298.0,280.5,97.4,15.3,15.3,0.0,1.89,40.5,0.00345,15.36
38.47,98.6,1.954,845.0,10244.0,8.9,308.7,280.5,97.4,15.3,15.3,0.0,1.89,41.9,0.00345,17.04
43.08,98.6,2.051,876.0,11953.0,8.8,321.6,280.5,97.4,15.3,15.3,0.0,1.89,43.5,0.00345,19.3
43.08,98.6,2.051,876.0,11953.0,8.8,321.6,280.5,97.4,15.3,15.3,0.0,1.89,43.5,0.00345,19.3
43.08,98.6,2.051,876.0,11953.0,8.8,321.6,280.5,97.4,15.3,15.3,0.0,1.89,43.5,0.00345,19.3
51.87,98.6,2.202,926.0,15268.0,8.8,341.2,280.5,97.4,15.3,15.3,0.0,1.89,46.0,0.00345,23.36
54.04,98.6,2.234,936.0,16093.0,8.8,345.2,280.5,97.4,15.3,15.3,0.0,1.89,46.5,0.00345,24.34
28.94,98.5,1.554,727.0,6374.0,9.39,255.3,295.1,98.1,15.4,15.4,0.0,1.89,35.5,0.011890000000000001,11.54
31.73,98.5,1.6680000000000001,756.0,7426.0,9.24,271.3,295.1,98.1,15.4,15.4,0.0,1.89,37.5,0.011890000000000001,13.27
37.91,98.5,1.8630000000000002,806.0,9747.0,9.01,298.0,295.1,98.1,15.4,15.4,0.0,1.89,40.9,0.011890000000000001,16.85
41.12,98.5,1.943,833.0,10951.0,8.92,308.7,295.1,98.1,15.4,15.4,0.0,1.89,42.2,0.011890000000000001,18.57
45.52,98.5,2.042,865.0,12629.0,8.81,321.6,295.1,98.1,15.4,15.4,0.0,1.89,43.9,0.011890000000000001,20.87
45.52,98.5,2.042,865.0,12629.0,8.81,321.6,295.1,98.1,15.4,15.4,0.0,1.89,43.9,0.011890000000000001,20.87
45.52,98.5,2.042,865.0,12629.0,8.81,321.6,295.1,98.1,15.4,15.4,0.0,1.89,43.9,0.011890000000000001,20.87
53.36,98.5,2.1959999999999997,914.0,15707.0,8.65,341.2,295.1,98.1,15.4,15.4,0.0,1.89,46.4,0.011890000000000001,24.9
55.2,98.5,2.229,924.0,16439.0,8.62,345.2,295.1,98.1,15.4,15.4,0.0,1.89,47.0,0.011890000000000001,25.83
57.27,98.5,2.262,934.0,17251.0,8.59,349.2,295.1,98.1,15.4,15.4,0.16,1.89,47.5,0.011890000000000001,26.78
57.27,98.5,2.262,934.0,17251.0,8.59,349.2,295.1,98.1,15.4,15.4,0.16,1.89,47.5,0.011890000000000001,26.78
42.44,98.6,2.012,874.0,10978.0,8.0,299.8,280.5,97.4,15.3,15.3,0.0,1.89,42.4,0.00345,17.94
48.36,98.5,2.009,864.0,12509.0,8.03,299.81,295.1,98.1,15.4,15.4,0.0,1.89,43.55,0.011890000000000001,21.1
28.94,98.5,1.554,727.0,6374.0,9.39,255.3,295.1,98.1,15.4,15.4,0.1,1.89,35.5,0.011890000000000001,11.54
31.73,98.5,1.6680000000000001,756.0,7426.0,9.24,271.3,295.1,98.1,15.4,15.4,0.11,1.89,37.5,0.011890000000000001,13.27
37.91,98.5,1.8630000000000002,806.0,9747.0,9.01,298.0,295.1,98.1,15.4,15.4,0.13,1.89,40.9,0.011890000000000001,16.85
41.12,98.5,1.943,833.0,10951.0,8.92,308.7,295.1,98.1,15.4,15.4,0.14,1.89,42.2,0.011890000000000001,18.57
45.52,98.5,2.042,865.0,12629.0,8.81,321.6,295.1,98.1,15.4,15.4,0.15,1.89,43.9,0.011890000000000001,20.87
45.52,98.5,2.042,865.0,12629.0,8.81,321.6,295.1,98.1,15.4,15.4,0.15,1.89,43.9,0.011890000000000001,20.87
45.52,98.5,2.042,865.0,12629.0,8.81,321.6,295.1,98.1,15.4,15.4,0.15,1.89,43.9,0.011890000000000001,20.87
53.36,98.5,2.1959999999999997,914.0,15707.0,8.65,341.2,295.1,98.1,15.4,15.4,0.16,1.89,46.4,0.011890000000000001,24.9
55.2,98.5,2.229,924.0,16439.0,8.62,345.2,295.1,98.1,15.4,15.4,0.16,1.89,47.0,0.011890000000000001,25.83
57.27,98.5,2.262,934.0,17251.0,8.59,349.2,295.1,98.1,15.4,15.4,0.16,1.89,47.5,0.011890000000000001,26.78
57.27,98.5,2.262,934.0,17251.0,8.59,349.2,295.1,98.1,15.4,15.4,0.16,1.89,47.5,0.011890000000000001,26.78
48.36,98.5,2.009,864.0,12509.0,8.03,299.81,295.1,98.1,15.4,15.4,0.47,1.89,43.55,0.011890000000000001,21.1
66.26,97.46,0.28800000000000003,152.0,1751.0,4.2,30.62,292.0,96.48,16.5,16.5,18.4,1.8659999999999999,21.95,0.0037,21.51
48.16,97.59,0.309,157.0,1503.0,4.2,33.0,296.0,96.44,16.9,20.5,10.6,13.5,22.88,0.0013,16.64
45.43,97.59,0.267,147.0,1263.0,4.2,29.4,296.0,96.44,16.9,20.5,8.8,13.5,21.05,0.0013,15.59
46.94,97.59,0.289,154.0,1400.0,4.2,31.61,296.0,96.44,16.9,20.5,10.6,13.5,22.3,0.0013,16.22
48.66,97.59,0.312,161.0,1552.0,4.2,33.83,296.0,96.44,16.9,20.5,10.6,13.5,23.57,0.0013,16.88
48.85,97.59,0.319,159.0,1570.0,4.2,34.03,296.0,96.44,16.9,20.5,11.2,13.5,23.29,0.0013,16.96
48.4,101.7,0.5489999999999999,256.0,3168.0,5.66,68.63,253.0,99.1,15.7,20.1,0.2,0.158,33.87,0.0005,17.94
50.5,101.7,0.573,264.0,3422.0,5.6,71.22,253.0,99.1,15.7,20.1,0.2,0.158,35.0,0.0005,18.89
48.4,101.7,0.5489999999999999,256.0,3168.0,5.66,68.63,253.0,99.1,15.7,20.1,0.2,0.158,33.87,0.0005,17.94
50.5,101.7,0.573,264.0,3422.0,5.6,71.22,253.0,99.1,15.7,20.1,0.2,0.158,35.0,0.0005,18.89
45.3,100.73,0.272,143.0,1221.0,4.2,28.49,275.0,98.32,19.8,21.0,0.32,1.86,20.21,0.0024,15.58
38.9,100.25,0.27399999999999997,144.0,1045.0,4.2,28.49,292.0,99.15,19.0,21.9,0.33,186.0,20.21,0.0078,13.67
44.3,100.8,0.2733,144.0,1193.0,4.2,28.49,264.0,98.39,20.8,22.6,0.79,1.85,20.21,0.0018,16.47
42.9,100.94,0.2737,144.0,1155.0,4.2,28.49,265.0,99.28,17.4,22.5,0.41,1.86,20.21,0.0017,15.31
49.3,99.3,0.2769,150.0,1393.0,4.2,29.91,294.0,99.14,21.6,21.2,0.9,1.86,21.44,0.0096,15.44
46.3,100.73,0.307,160.0,1359.0,4.1,31.15,275.0,98.32,17.6,21.7,6.8,1.85,21.07,0.0024,14.96
32.6,102.1,0.41600000000000004,194.0,1001.0,3.0,32.4,281.0,98.6,19.0,19.0,38.4,1.94,16.5,0.00456,9.3
57.5,100.3,1.5419999999999998,847.0,10142.0,4.7,182.5,287.0,99.3,20.0,20.0,12.9,1.94,25.0,0.008,25.63
78.3,100.3,1.939,947.0,16270.0,4.5,218.5,287.0,99.3,20.0,20.0,13.5,1.94,28.0,0.008,33.0
89.6,103.0,1.79,855.0,16935.0,4.5,218.5,283.0,103.0,20.0,20.0,9.3,1.91,28.4,0.005,38.2
100.3,103.0,1.91,912.0,20124.0,4.3,231.3,283.0,103.0,20.0,20.0,9.2,1.91,30.22,0.005,43.01
96.9,101.0,2.08,958.0,21075.0,4.25,253.0,283.0,101.0,20.0,20.0,3.62,1.91,32.1,0.006,40.54
96.9,101.0,2.08,958.0,21075.0,4.25,253.0,283.0,101.0,20.0,20.0,3.62,1.91,32.1,0.006,40.54
107.6,101.0,2.17,977.0,24501.0,4.2,264.4,283.0,101.0,20.0,20.0,3.62,1.91,34.0,0.006,46.31
80.3,102.0,0.726,398.0,3701.0,0.64,50.7,285.0,99.0,20.0,20.0,20.79,1.91,18.7,0.006,17.3
69.4,102.0,0.5920000000000001,312.0,2880.0,1.0,44.0,280.0,99.0,20.0,20.0,25.33,1.91,15.9,0.006,16.5
48.2,100.0,0.612,334.0,2562.0,3.2,61.61,281.4,99.9,17.5,17.5,2.24,1.986,15.75,0.00475,15.01
43.0,102.0,0.604,321.0,2500.0,3.26,61.6,281.4,99.9,17.1,17.1,3.46,1.946,15.88,0.00475,15.4
50.1,100.0,0.63,342.0,2814.0,3.0,61.6,288.0,100.0,20.0,20.0,18.86,1.91,16.1,0.005,16.8
50.1,100.0,0.63,342.0,2814.0,3.0,61.6,288.0,100.0,20.0,20.0,18.86,1.91,16.1,0.005,16.8
47.1,101.0,0.715,378.0,2875.0,3.0,67.2,280.0,99.0,20.0,20.0,16.0,1.91,16.4,0.005,16.47
60.7,102.91,1.73,820.0,14444.0,7.5,251.9,275.5,100.04,17.4,17.4,4.15,1.97,35.19,0.0038,30.98
67.2,102.91,1.83,843.0,16113.0,7.5,261.5,275.5,100.04,17.6,17.6,2.09,1.97,36.71,0.0038,32.76
64.9,102.91,1.83,843.0,16167.0,7.5,263.9,275.5,100.04,17.4,17.4,4.17,1.97,36.63,0.0038,33.25
53.7,101.3,2.375,1027.0,15414.0,5.15,304.2,279.8,95.1,17.7,17.7,1.8,1.91,34.48,0.00473,24.9
58.4,101.3,2.53,1085.0,17668.0,5.03,320.3,279.8,95.1,17.7,17.7,1.8,1.91,36.33,0.00473,26.82
57.4,100.4,2.2,980.0,16555.0,7.5,334.7,291.0,100.4,18.6,18.6,4.7,1.9,38.97,0.00517,29.1
58.1,100.4,2.23,1009.0,17327.0,7.5,345.9,291.0,100.4,18.6,18.6,4.8,1.86,38.64,0.00517,29.6
59.12,102.1,1.8769999999999998,74.0,17350.0,9.47,310.8,284.1,98.9,16.7,16.7,4.1,1.89,41.0,0.00432,35.87
66.28,102.1,2.048,75.0,20942.0,9.32,334.7,284.1,98.9,16.7,16.7,3.8,1.89,43.78,0.00432,40.33
66.28,102.1,2.048,75.0,20942.0,9.32,334.7,284.1,98.9,16.7,16.7,3.8,1.89,43.78,0.00432,40.33
50.96,102.1,1.659,73.0,13462.0,9.67,279.8,284.1,98.9,16.7,16.7,4.5,1.89,37.51,0.00432,30.55
62.82,102.1,1.9680000000000002,75.0,19198.0,9.39,323.7,284.1,98.9,16.7,16.7,3.9,1.89,42.53,0.00432,38.18
52.88,102.1,1.71,73.0,14312.0,9.62,286.7,284.1,98.9,16.7,16.7,4.4,1.89,38.33,0.00432,31.75
58.36,102.1,1.8769999999999998,863.0,17262.0,9.47,310.9,284.1,98.9,17.4,17.4,4.2,1.9,41.04,0.00432,35.57
65.48,102.1,2.048,921.0,20854.0,9.32,334.7,284.1,98.9,17.4,17.4,3.8,1.9,43.78,0.00432,39.98
65.48,102.1,2.048,921.0,20854.0,9.32,334.7,284.1,98.9,17.4,17.4,3.8,1.9,43.78,0.00432,39.98
47.7,102.1,1.579,758.0,12165.0,9.74,268.0,284.1,98.9,17.4,17.4,5.2,1.9,36.19,0.00432,28.62
62.03,102.1,1.9680000000000002,894.0,19109.0,9.39,323.7,284.1,98.9,17.4,17.4,4.0,1.9,42.53,0.00432,37.84
52.14,102.1,1.71,805.0,14247.0,9.62,287.1,284.1,98.9,17.4,17.4,4.8,1.9,38.33,0.00432,31.54
58.44,102.1,1.882,876.0,17288.0,9.32,310.9,284.1,98.9,17.4,17.4,4.2,1.9,41.3,0.00432,35.48
65.11,102.1,2.053,922.0,20735.0,9.16,334.7,284.1,98.9,17.4,17.4,3.8,1.9,44.1,0.00432,39.86
65.11,102.1,2.053,922.0,20735.0,9.16,334.7,284.1,98.9,17.4,17.4,3.8,1.9,44.1,0.00432,39.86
47.82,102.1,1.5819999999999999,769.0,12196.0,9.62,268.0,284.1,98.9,17.4,17.4,5.2,1.9,36.32,0.00432,28.52
61.87,102.1,1.973,895.0,19058.0,9.23,323.7,284.1,98.9,17.4,17.4,4.0,1.9,42.81,0.00432,37.8
52.34,102.1,1.715,817.0,14299.0,9.49,287.1,284.1,98.9,17.4,17.4,4.8,1.9,38.52,0.00432,31.49
70.47,102.1,2.173,962.0,23531.0,9.04,350.9,284.1,98.9,17.4,17.4,3.6,1.9,46.08,0.00432,43.07
70.47,102.1,2.173,962.0,23531.0,9.04,350.9,284.1,98.9,17.4,17.4,3.6,1.9,46.08,0.00432,43.07
65.11,102.1,2.053,922.0,20735.0,9.16,334.7,284.1,98.9,17.4,17.4,3.8,1.9,44.1,0.00432,39.86
58.88,102.1,1.874,866.0,17511.0,9.2,310.9,275.0,98.9,17.2,17.2,13.0,1.91,43.0,0.0030800000000000003,35.9
65.41,102.1,2.046,924.0,20943.0,9.0,334.7,275.0,98.9,17.2,17.2,11.6,1.91,45.8,0.0030800000000000003,40.11
65.41,102.1,2.046,924.0,20943.0,9.0,334.7,275.0,98.9,17.2,17.2,11.6,1.91,45.8,0.0030800000000000003,40.11
62.33,102.1,1.966,897.0,19303.0,9.1,323.7,275.0,98.9,17.2,17.2,12.3,1.91,44.5,0.0030800000000000003,38.14
53.01,102.1,1.706,808.0,14562.0,9.3,287.1,275.0,98.9,17.2,17.2,14.1,1.91,40.1,0.0030800000000000003,32.04
70.3,102.1,2.168,965.0,23599.0,8.9,350.9,275.0,98.9,17.2,17.2,10.7,1.91,47.8,0.0030800000000000003,43.21
70.3,102.1,2.168,965.0,23599.0,8.9,350.9,275.0,98.9,17.2,17.2,10.7,1.91,47.8,0.0030800000000000003,43.21
65.41,102.1,2.046,924.0,20943.0,9.0,334.7,275.0,98.9,17.2,17.2,11.6,1.91,45.8,0.0030800000000000003,40.11
74.07,102.1,2.222,983.0,25036.0,8.9,358.1,275.0,98.9,17.2,17.2,10.2,1.91,48.7,0.0030800000000000003,44.55
74.07,102.1,2.222,983.0,25036.0,8.9,358.1,275.0,98.9,17.2,17.2,10.2,1.91,48.7,0.0030800000000000003,44.55
65.41,102.1,2.046,924.0,20943.0,9.0,334.7,275.0,98.9,17.2,17.2,11.6,1.91,45.8,0.0030800000000000003,40.11
70.3,102.1,2.168,965.0,23599.0,8.9,350.9,275.0,98.9,17.2,17.2,10.7,1.91,47.8,0.0030800000000000003,43.21
76.26,102.1,2.266,998.0,26196.0,8.9,363.9,275.0,98.9,17.2,17.2,9.9,1.91,49.4,0.0030800000000000003,45.76
66.04,102.1,2.029,909.0,21739.0,9.0,327.9,275.0,98.9,17.2,17.2,11.6,1.91,45.4,0.0030800000000000003,42.04
66.04,102.1,2.029,909.0,21739.0,9.0,327.9,275.0,98.9,17.2,17.2,11.6,1.91,45.4,0.0030800000000000003,42.04
48.72,101.3,1.98,955.0,14800.0,9.28,334.0,280.0,98.5,17.3,17.3,7.5,1.86,36.77,0.00248,28.5
53.11,101.3,2.129,1008.0,17154.0,9.15,355.2,280.0,98.5,17.3,17.3,6.9,1.86,38.81,0.00248,31.15
53.11,101.3,2.129,1008.0,17154.0,9.15,355.2,280.0,98.5,17.3,17.3,6.9,1.86,38.81,0.00248,31.15
58.73,101.3,2.306,1069.0,20243.0,9.01,379.0,280.0,98.5,17.3,17.3,6.4,1.86,41.09,0.00248,34.53
46.02,101.9,1.98,955.0,14512.0,9.3,334.0,280.0,98.5,17.25,17.25,7.6,1.87,36.8,0.00062,28.29
50.21,101.9,2.129,1008.0,16834.0,9.15,355.2,280.0,98.5,17.25,17.25,7.0,1.87,38.8,0.00062,30.88
50.21,101.9,2.129,1008.0,16834.0,9.15,355.2,280.0,98.5,17.25,17.25,7.0,1.87,38.8,0.00062,30.88
55.62,101.9,2.306,1069.0,19903.0,9.01,379.0,280.0,98.5,17.25,17.25,6.4,1.87,41.1,0.00062,34.2
75.53,101.5,2.805,1242.0,28456.0,8.04,436.7,277.8,99.6,17.65,17.65,8.7,1.91,48.57,0.0025800000000000003,40.17
52.61,101.9,2.157,965.0,16826.0,8.45,338.7,276.6,99.7,18.2,18.2,6.4,1.88,38.0,0.00243,29.42
55.8,101.9,2.262,1001.0,18591.0,8.38,352.9,276.6,99.7,18.2,18.2,6.3,1.88,39.35,0.00243,31.3
54.19,101.9,2.21,983.0,17699.0,8.41,345.9,276.6,99.7,18.2,18.2,6.4,1.88,38.68,0.00243,30.36
54.19,101.9,2.21,983.0,17699.0,8.41,345.9,276.6,99.7,18.2,18.2,6.4,1.88,38.68,0.00243,30.36
37.2,101.7,0.3236,162.0,1173.0,5.1,33.4,290.0,101.7,19.7,19.7,12.7,1.925,13.15,0.0094,12.03
32.5,102.4,0.28800000000000003,145.0,915.0,5.7,29.8,288.0,101.3,19.7,19.7,12.0,1.925,11.4,0.0088,9.94
